查询多线程和 nprobe 参数测试
Thread Num: 16
nprobe, Query Time(ms), QPS, Recall@k10
1, 664, 1506.02, 0.138
2, 650, 1538.46, 0.2327
3, 655, 1526.72, 0.3085
4, 680, 1470.59, 0.3664
5, 699, 1430.62, 0.4192
6, 718, 1392.76, 0.4639
8, 755, 1324.5, 0.5326
10, 791, 1264.22, 0.5867
15, 900, 1111.11, 0.6806
20, 978, 1022.49, 0.7379
25, 1037, 964.32, 0.7853
30, 1123, 890.472, 0.8228
35, 1204, 830.565, 0.8482
40, 1292, 773.994, 0.8677
45, 1371, 729.395, 0.8859
50, 1452, 688.705, 0.9003
60, 1624, 615.764, 0.9237
70, 1782, 561.167, 0.9416
80, 1931, 517.866, 0.954
90, 2084, 479.846, 0.9626
100, 2241, 446.229, 0.9697
120, 2551, 392.003, 0.9811
140, 2857, 350.017, 0.987
160, 3157, 316.756, 0.9919
180, 3454, 289.519, 0.9939
200, 3774, 264.971, 0.9957
--------------------------------------
Thread Num: 1
nprobe, Query Time(ms), QPS, Recall@k10
1, 8666, 115.393, 0.138
2, 8981, 111.346, 0.2327
3, 9185, 108.873, 0.3085
4, 9472, 105.574, 0.3664
5, 9674, 103.37, 0.4192
6, 9946, 100.543, 0.4639
8, 10389, 96.2557, 0.5326
10, 10923, 91.5499, 0.5867
15, 12193, 82.0143, 0.6806
20, 13516, 73.9864, 0.7379
25, 14894, 67.1411, 0.7853
30, 16003, 62.4883, 0.8228
35, 17223, 58.0619, 0.8482
40, 18531, 53.9636, 0.8677
45, 19852, 50.3728, 0.8859
50, 21028, 47.5556, 0.9003
60, 23361, 42.8064, 0.9237
70, 26132, 38.2673, 0.9416
80, 28409, 35.2001, 0.954
90, 30526, 32.759, 0.9626
100, 32795, 30.4925, 0.9697
120, 37559, 26.6248, 0.9811
140, 42297, 23.6423, 0.987
160, 47042, 21.2576, 0.9919
180, 51106, 19.5672, 0.9939
200, 55648, 17.9701, 0.9957
--------------------------------------
