查询多线程和 nprobe 参数测试
Loading index from file...
Thread Num: 16
nprobe, Query Time(ms), QPS, Recall@k10
1, 110, 1818.18, 0.332
2, 106, 1886.79, 0.528
3, 108, 1851.85, 0.646
4, 109, 1834.86, 0.721
5, 107, 1869.16, 0.7855
6, 110, 1818.18, 0.8275
8, 109, 1834.86, 0.8725
10, 116, 1724.14, 0.909
15, 124, 1612.9, 0.9535
20, 139, 1438.85, 0.972
25, 146, 1369.86, 0.983
30, 157, 1273.89, 0.9865
35, 164, 1219.51, 0.9925
40, 171, 1169.59, 0.9965
45, 179, 1117.32, 0.9975
50, 189, 1058.2, 0.998
60, 207, 966.184, 0.999
--------------------------------------
Thread Num: 5
nprobe, Query Time(ms), QPS, Recall@k10
1, 296, 675.676, 0.332
2, 298, 671.141, 0.528
3, 302, 662.252, 0.646
4, 305, 655.738, 0.721
5, 312, 641.026, 0.7855
6, 312, 641.026, 0.8275
8, 323, 619.195, 0.8725
10, 341, 586.51, 0.909
15, 369, 542.005, 0.9535
20, 400, 500, 0.972
25, 429, 466.2, 0.983
30, 456, 438.596, 0.9865
35, 483, 414.079, 0.9925
40, 510, 392.157, 0.9965
45, 536, 373.134, 0.9975
50, 561, 356.506, 0.998
60, 615, 325.203, 0.999
--------------------------------------
Thread Num: 1
nprobe, Query Time(ms), QPS, Recall@k10
1, 1442, 138.696, 0.332
2, 1478, 135.318, 0.528
3, 1502, 133.156, 0.646
4, 1513, 132.188, 0.721
5, 1535, 130.293, 0.7855
6, 1560, 128.205, 0.8275
8, 1610, 124.224, 0.8725
10, 1669, 119.832, 0.909
15, 1798, 111.235, 0.9535
20, 1935, 103.359, 0.972
25, 2064, 96.8992, 0.983
30, 2205, 90.7029, 0.9865
35, 2335, 85.6531, 0.9925
40, 2455, 81.4664, 0.9965
45, 2581, 77.4893, 0.9975
50, 2711, 73.7735, 0.998
60, 2944, 67.9348, 0.999
