查询多线程和 nprobe 参数测试
Loading index from file...
Thread Num: 16
nprobe, Query Time(ms), QPS, Recall@k10
1, 4839, 2066.54, 0.27525
2, 4835, 2068.25, 0.41799
3, 4866, 2055.08, 0.51365
4, 4926, 2030.04, 0.58044
5, 4932, 2027.58, 0.63261
6, 4866, 2055.08, 0.67591
8, 4749, 2105.71, 0.73734
10, 4889, 2045.41, 0.78361
15, 5169, 1934.61, 0.85715
20, 5292, 1889.64, 0.89915
25, 5292, 1889.64, 0.92567
30, 5382, 1858.05, 0.9436
35, 5558, 1799.21, 0.95634
40, 5769, 1733.4, 0.96554
45, 5992, 1668.89, 0.97307
50, 6197, 1613.68, 0.97817
60, 6594, 1516.53, 0.98554
70, 6719, 1488.32, 0.99042
80, 7083, 1411.83, 0.99357
90, 7471, 1338.51, 0.99559
100, 7793, 1283.2, 0.99672
120, 8407, 1189.48, 0.99804
140, 9094, 1099.63, 0.99899
160, 9657, 1035.52, 0.99944
180, 10230, 977.517, 0.99968
200, 10885, 918.695, 0.99981
--------------------------------------
Thread Num: 1
nprobe, Query Time(ms), QPS, Recall@k10
1, 62509, 159.977, 0.27525
2, 61837, 161.715, 0.41799
3, 61705, 162.061, 0.51365
4, 62294, 160.529, 0.58044
5, 62939, 158.884, 0.63261
6, 63067, 158.562, 0.67591
8, 63752, 156.858, 0.73734
10, 64838, 154.231, 0.78361
15, 67643, 147.835, 0.85715
20, 69847, 143.17, 0.89915
25, 72320, 138.274, 0.92567
30, 74844, 133.611, 0.9436
35, 77364, 129.259, 0.95634
40, 79751, 125.39, 0.96554
45, 81990, 121.966, 0.97307
50, 84908, 117.775, 0.97817
60, 89366, 111.899, 0.98554
70, 94479, 105.844, 0.99042
80, 98808, 101.206, 0.99357
90, 103982, 96.1705, 0.99559
100, 107877, 92.6982, 0.99672
120, 118050, 84.7099, 0.99804
140, 126871, 78.8202, 0.99899
160, 135814, 73.6301, 0.99944
180, 145097, 68.9194, 0.99968
200, 154302, 64.808, 0.99981
