300/150
Using 1 threads to search
  Ls         QPS     Avg dist cmps  Mean Latency (mus)   99.9 Latency   Recall@10
=================================================================================
  10     5496.96            164.37              181.74         335.45       90.15
  20     3690.11            210.04              270.89         386.71       95.55
  30     2794.86            249.71              357.70         457.98       97.20
  40     2224.84            287.52              449.36         631.34       98.25
  50     1842.55            323.99              542.62         699.71       98.90
  60     1568.21            356.86              637.56         834.38       99.05
  70     1374.47            387.33              727.44         855.51       99.15
  80     1217.83            417.95              821.01        1076.06       99.20
  90     1096.04            446.61              912.26        1129.66       99.25
 150      679.76            599.36             1470.99        1761.02       99.40
 200      515.97            712.78             1937.96        2344.09       99.55
 250      416.83            815.90             2398.93        2753.11       99.70
 300      348.68            909.62             2867.82        3369.33       99.80
 450      234.67           1158.81             4261.18        4923.39       99.85
 650      164.14           1439.46             6092.32        6927.02       99.90


300/150
Using 16 threads to search
  Ls         QPS     Avg dist cmps  Mean Latency (mus)   99.9 Latency   Recall@10
=================================================================================
  10    25299.54            164.37              544.57        1695.37       90.15
  20    26862.98            210.04              575.56        1257.48       95.55
  30    23831.08            249.71              642.06        1154.59       97.20
  40    18970.52            287.52              804.31        1409.62       98.25
  50    15351.39            323.99              999.63        1699.12       98.90
  60    13137.69            356.86             1166.34        2106.82       99.05
  70    11838.56            387.33             1315.93        2415.09       99.15
  80    10382.85            417.95             1494.89        2711.65       99.20
  90     8956.99            446.61             1710.76        3236.16       99.25
 150     5698.04            599.36             2678.35        5025.57       99.40
 200     4285.91            712.78             3602.23        6760.12       99.55
 250     3452.01            815.90             4400.20        8407.83       99.70
 300     2977.50            909.62             5202.96        9943.26       99.80
 450     2171.71           1158.81             7186.27       11861.26       99.85
 650     1481.50           1439.46            10400.02       15992.96       99.90




stitched_R64_L150_SR96

 Using 1 threads to search
  Ls         QPS     Avg dist cmps  Mean Latency (mus)   99.9 Latency   Recall@10
=================================================================================
  10     9462.70            104.24              105.48         193.11       79.65
  20     6933.03            140.51              144.14         240.37       88.60
  30     5530.79            169.82              180.70         260.21       90.70
  40     4551.82            199.54              219.59         339.88       92.55
  50     3896.92            225.19              256.51         379.69       93.50
  60     3398.01            251.30              294.18         412.03       94.00
  70     3006.47            276.07              332.51         480.89       95.40
  80     2692.30            299.22              371.32         521.78       95.80
  90     2442.81            321.42              409.25         548.42       96.35
 100     2239.48            342.83              446.40         577.32       96.80
 150     1568.80            447.95              637.31         799.62       98.95
 200     1179.73            539.61              847.52        1398.55       99.05
 250      981.06            625.00             1019.18        1219.07       99.25
 350      710.11            780.93             1408.10        1680.24       99.40
 400      627.51            852.83             1593.47        1826.75       99.55
 450      560.42            923.88             1784.24        2114.31       99.70
 550      462.17           1057.74             2163.57        2437.94       99.75
 650      394.00           1184.56             2537.96        2882.13      100.00


 Using 16 threads to search
  Ls         QPS     Avg dist cmps  Mean Latency (mus)   99.9 Latency   Recall@10
=================================================================================
  10    38307.79            104.24              338.39         900.67       79.65
  20    41637.45            140.51              360.59         792.41       88.60
  30    43788.49            169.82              353.37         680.27       90.70
  40    39084.43            199.54              397.12         706.44       92.55
  50    32906.71            225.19              468.47         827.97       93.50
  60    28305.29            251.30              540.40         970.24       94.00
  70    24979.03            276.07              618.78        1103.21       95.40
  80    22031.21            299.22              694.42        1228.77       95.80
  90    20143.84            321.42              770.31        1435.72       96.35
 100    18275.50            342.83              838.01        1475.35       96.80
 150    12463.57            447.95             1234.00        2194.78       98.95
 200     9445.59            539.61             1636.37        3473.28       99.05
 250     7933.66            625.00             1943.12        3277.93       99.25
 350     5832.61            780.93             2649.11        4640.20       99.40
 400     5072.89            852.83             3042.27        5454.96       99.55
 450     4607.33            923.88             3357.57        5764.73       99.70
 550     3554.21           1057.74             4346.07        9465.14       99.75
 650     3158.38           1184.56             4878.67        8759.82      100.00

