400/200
Using 1 threads to search
  Ls         QPS     Avg dist cmps  Mean Latency (mus)   99.9 Latency   Recall@10
=================================================================================
  10     1828.38            262.11              546.77         997.28       87.70
  20     1305.18            330.97              766.05        1319.40       94.65
  30     1027.48            386.84              973.12        1530.07       97.25
  40      873.42            433.70             1144.80        1733.94       98.05
  50      755.41            479.93             1323.66        1949.45       98.35
  60      662.97            521.26             1508.22        2654.41       98.80
  70      595.64            561.08             1678.73        2396.83       99.00
  80      540.89            597.30             1848.65        2606.57       99.10
  90      478.94            631.78             2087.81        2900.81       99.25
 100      421.44            664.17             2372.69        3918.46       99.45
 150      323.95            806.40             3086.78        4434.73       99.65
 200      260.37            925.82             3840.56        5008.46       99.80
 250      217.74           1025.59             4592.57        6051.05       99.95
 300      188.68           1117.54             5299.96        6854.17      100.00

 400/200
Using 16 threads to search
  Ls         QPS     Avg dist cmps  Mean Latency (mus)   99.9 Latency   Recall@10
=================================================================================
  10    12630.17            262.11             1157.33        2906.67       87.70
  20    13522.05            330.97             1140.16        2293.83       94.65
  30    10909.03            386.84             1406.04        2312.46       97.25
  40     9193.10            433.70             1675.25        2984.56       98.05
  50     7748.12            479.93             1984.06        3713.81       98.35
  60     6850.94            521.26             2264.60        3652.78       98.80
  70     6418.44            561.08             2439.80        4199.49       99.00
  80     5583.42            597.30             2729.66        4146.91       99.10
  90     5188.14            631.78             2956.95        4733.79       99.25
 100     4752.66            664.17             3244.46        4946.47       99.45
 150     3397.72            806.40             4541.39       10248.44       99.65
 200     2658.44            925.82             5813.85       11178.79       99.80
 250     2171.25           1025.59             7009.62       13831.29       99.95
 300     1861.88           1117.54             8280.04       16877.46      100.00


stitched_R64_L200_SR128
Using 1 threads to search
  Ls         QPS     Avg dist cmps  Mean Latency (mus)   99.9 Latency   Recall@10
=================================================================================
  10     3062.08            165.79              326.41         729.06       68.25
  20     2289.37            213.68              436.67         950.26       80.60
  30     1861.17            252.52              537.05        1071.03       85.95
  40     1598.44            284.84              625.47        1181.62       88.75
  50     1390.59            313.20              718.98        1321.17       90.25
  60     1251.51            340.33              798.90        1370.34       91.30
  70     1115.23            367.80              896.52        1539.90       92.40
  80      983.71            393.22             1016.40        1719.44       92.85
  90      915.91            417.47             1091.65        1774.14       93.65
 100      859.70            440.61             1163.06        1921.52       94.10
 150      641.11            545.30             1559.64        2273.70       96.20
 200      513.92            634.43             1945.67        2801.88       96.95
 250      433.40            714.53             2307.20        3292.62       97.45
 300      384.03            785.82             2603.77        3766.36       97.65
 350      339.01            853.74             2949.62        4046.42       97.80
 400      307.75            920.16             3249.28        4448.55       97.95
 500      253.00           1044.48             3952.39        5293.54       98.55
 600      219.85           1161.12             4548.41        6058.57       98.80
 700      187.95           1272.46             5320.47        7347.59       98.85
 750      169.60           1326.44             5895.85        8191.52       99.15
 850      150.98           1431.85             6623.30        9113.90       99.20

stitched_R64_L200_SR128
 Using 16 threads to search
  Ls         QPS     Avg dist cmps  Mean Latency (mus)   99.9 Latency   Recall@10
=================================================================================
  10    18864.93            165.79              703.26        1873.20       68.25
  20    19866.54            213.68              751.33        1625.91       80.60
  30    17538.12            252.52              869.88        2078.05       85.95
  40    14771.22            284.84             1028.70        2325.90       88.75
  50    13347.13            313.20             1151.75        2188.28       90.25
  60    11920.08            340.33             1287.28        2683.23       91.30
  70    10776.74            367.80             1422.03        2731.65       92.40
  80     9658.87            393.22             1564.36        2954.29       92.85
  90     9003.15            417.47             1697.61        3104.21       93.65
 100     8374.29            440.61             1836.44        3402.80       94.10
 150     6335.01            545.30             2459.75        4431.12       96.20
 200     5073.72            634.43             3006.77        5008.64       96.95
 250     4313.76            714.53             3536.77        6025.64       97.45
 300     3763.14            785.82             4064.05        7204.32       97.65
 350     3522.22            853.74             4391.45        7773.43       97.80
 400     3157.50            920.16             4890.11        6962.48       97.95
 500     2559.80           1044.48             6027.88       11294.40       98.55
 600     2148.59           1161.12             7193.52       11285.98       98.80
 700     1916.12           1272.46             8115.49       11680.40       98.85
 750     1795.04           1326.44             8635.07       12641.94       99.15
 850     1595.76           1431.85             9667.66       13952.84       99.20

