300/150
Using 1 threads to search
  Ls         QPS     Avg dist cmps  Mean Latency (mus)   99.9 Latency   Recall@10
=================================================================================
  10     1202.52            403.68              831.52        2056.05       70.66
  20      873.04            541.83             1145.36        2826.14       84.66
  30      704.43            656.66             1419.53        3128.31       90.28
  40      554.65            762.13             1802.89        5348.75       93.33
  50      462.15            861.11             2163.73        6577.49       95.16
  60      452.67            954.47             2209.04        4593.30       96.19
  70      363.92           1044.75             2747.77        6932.41       96.99
  80      315.07           1131.55             3173.81        8972.33       97.56
  90      333.82           1215.10             2995.55        6060.19       98.00
 100      276.27           1296.18             3619.64        8910.80       98.32
 150      200.69           1671.22             4982.81       11212.91       99.17
 200      170.38           2010.72             5869.24       10695.01       99.50
 250      143.13           2324.36             6986.59       12451.74       99.67
 300      125.72           2618.14             7954.33       12709.87       99.76
 350       94.05           2895.51            10632.31       36190.28       99.82
 400       82.48           3160.24            12123.81       34080.74       99.87
 450       77.06           3413.14            12975.96       26728.34       99.89
 500       73.64           3656.86            13579.21       49550.02       99.91
 550       65.64           3892.23            15234.90       30883.24       99.93
 800       50.39           4967.39            19844.27       40085.08       99.96

300/150
 Using 16 threads to search
  Ls         QPS     Avg dist cmps  Mean Latency (mus)   99.9 Latency   Recall@10
=================================================================================
  10    15847.70            403.68             1005.37        3018.28       70.66
  20    11913.86            541.83             1340.12        3146.38       84.66
  30     9292.61            656.66             1717.40        3781.52       90.28
  40     7649.84            762.13             2086.76        4391.16       93.33
  50     6537.21            861.11             2442.68        4828.89       95.16
  60     5677.23            954.47             2812.16        5408.76       96.19
  70     5095.55           1044.75             3135.02        5869.47       96.99
  80     4582.14           1131.55             3486.48        6511.64       97.56
  90     4166.74           1215.10             3834.32        7490.27       98.00
 100     3831.03           1296.18             4170.43        7602.18       98.32
 150     2737.13           1671.22             5837.84        9850.45       99.17
 200     2138.99           2010.72             7471.80       12297.66       99.50
 250     1769.01           2324.36             9032.21       14812.12       99.67
 300     1502.01           2618.14            10641.08       17760.69       99.76
 350     1288.20           2895.51            12407.44       25988.21       99.82
 400     1139.50           3160.24            14026.89       23354.06       99.87
 450     1016.44           3413.14            15724.70       28707.08       99.89
 500      921.70           3656.86            17339.69       31473.76       99.91
 550      834.58           3892.23            19146.04       36824.55       99.93
 650      710.25           4340.68            22503.54       39795.84       99.94
 700      661.59           4554.70            24156.21       40119.62       99.95
 800      581.88           4967.39            27472.34       43193.75       99.96


stitched_R100_L200_SR128
Using 1 threads to search
  Ls         QPS     Avg dist cmps  Mean Latency (mus)   99.9 Latency   Recall@10
=================================================================================
  10     2550.77            279.01              391.98        1116.23       43.13
  20     1687.89            404.12              592.40        1610.97       57.04
  30     1302.95            506.60              767.43        2038.82       64.93
  40     1065.45            602.34              938.52        2397.86       70.76
  50      902.14            692.46             1108.42        2807.74       75.33
  60      787.88            775.13             1269.17        3082.45       78.49
  70      700.40            855.36             1427.70        3419.90       81.20
  80      633.23            932.00             1579.15        3711.41       83.40
  90      578.31           1005.19             1729.13        4027.08       85.15
 100      530.01           1078.84             1886.70        4396.29       86.88
 150      380.44           1408.90             2628.50        5921.08       92.30
 200      302.23           1697.27             3308.64        7460.12       94.95
 250      251.45           1959.15             3976.87        8891.02       96.46
 300      216.65           2202.06             4615.59       10078.51       97.42
 350      190.42           2428.67             5251.51       11217.28       98.06
 400      170.54           2643.15             5863.74       12775.98       98.43
 450      154.67           2848.28             6465.17       14027.71       98.71
 500      141.78           3044.95             7053.02       14884.02       98.88
 550      130.68           3236.27             7652.04       16044.15       99.03
 600      121.27           3421.41             8246.16       17450.53       99.17
 650      113.67           3601.26             8797.65       18726.28       99.29
 700      106.74           3775.26             9368.52       19345.99       99.35
 750      100.52           3945.12             9947.93       20094.46       99.39
 800       95.02           4111.69            10524.25       21342.65       99.44
 850       90.13           4274.66            11095.44       22740.00       99.48
 900       85.53           4434.42            11690.99       23877.50       99.52
 950       81.43           4590.58            12280.04       25151.42       99.55
1000       77.87           4743.09            12842.09       25875.36       99.57

 Using 16 threads to search
  Ls         QPS     Avg dist cmps  Mean Latency (mus)   99.9 Latency   Recall@10
=================================================================================
  10    31099.80            279.01              510.49        1620.82       43.13
  20    20483.25            404.12              778.65        2186.30       57.04
  30    15708.39            506.60             1016.31        2764.58       64.93
  40    12788.43            602.34             1248.67        3298.78       70.76
  50    10808.35            692.46             1477.86        3749.62       75.33
  60     9362.01            775.13             1706.57        4222.85       78.49
  70     8234.16            855.36             1940.19        4822.59       81.20
  80     7395.11            932.00             2160.71        5258.88       83.40
  90     6628.70           1005.19             2410.66        5833.60       85.15
 100     6161.33           1078.84             2593.60        6194.62       86.88
 150     4365.23           1408.90             3657.00        8607.25       92.30
 200     3407.05           1697.27             4688.91       10790.65       94.95
 250     2804.42           1959.15             5695.41       13177.07       96.46
 300     2388.16           2202.06             6689.25       15190.58       97.42
 350     2055.32           2428.67             7772.91       17540.89       98.06
 400     1830.35           2643.15             8730.33       19337.84       98.43
 450     1645.33           2848.28             9711.46       21761.98       98.71
 500     1501.38           3044.95            10644.37       22673.18       98.88
 550     1377.03           3236.27            11601.60       25600.68       99.03
 600     1272.95           3421.41            12551.34       26739.74       99.17
 650     1185.03           3601.26            13484.15       29817.96       99.29
 700     1108.39           3775.26            14417.76       29986.67       99.35
 750     1041.48           3945.12            15343.88       32962.72       99.39
 800      980.46           4111.69            16304.40       32830.29       99.44
 850      927.18           4274.66            17236.67       34142.00       99.48
 900      879.28           4434.42            18176.50       37262.69       99.52
 950      835.59           4590.58            19127.64       38879.68       99.55
1000      795.82           4743.09            20082.12       39008.58       99.57